28
9 16 17 18 19 20 21 22 23 24 25 26 27 28 29 30 31 32 33 34 35 36 37 38 39 40 41 42
2
w n
9
17
17 18 19 20 21 25 27 28 30 31 32 33 36 38 39 40 42
50
9 w 16
9 n 17
16 n 18
17 w 19
17 n 9
18 w 20
18 n 21
19 w 16
19 n 22
20 w 23
20 n 22
21 w 24
21 n 25
22 w 26
22 n 27
23 w 28
23 n 18
24 w 29
25 w 30
25 n 21
26 w 29
26 n 31
27 w 32
27 n 25
28 w 33
29 w 28
30 w 34
30 n 22
31 w 35
31 n 36
32 w 37
33 w 9
34 w 38
34 n 39
35 w 29
35 n 31
36 w 30
36 n 36
37 w 38
37 n 17
38 w 33
38 n 18
39 w 20
39 n 40
40 w 41
40 n 42
41 w 29
41 n 18
42 w 30
42 n 40
